                                                                                                                        
                                                                                                                        
                                                                                                                        
                                                                                                                        
                                                                                                                        
                                                                                                                        
                                                                                                                        
                                     01100      0                                                                       
                                0001101110111110101010                                                                  
                              01011111111111101001101010                                                                
                             00111111111000011111111111011001110010000111 0       111110                                
                            1001111111111111111111111111100011011111100101110011101000110                               
                           011101111111111111111110011111000011111101100000000000000000110000                           
                         01111110111111111111111100000000000011111110110000111111000011111101                           
                       10111111111111111111111110000000000000111111111110001111110000011111110                          
                     0011111110001110111000001000000000000011000000000101100000000001111001111                          
                    01100110111110111111111010000000000000111110000000110110000000000111111110                          
                   10000000011111100001111100000000000111111101111111111101000001000111111100                           
                0101000000001111110000000000000000000001111111111111111110100000000001110000                            
               011111100111001111110000000000000000000001111100111011111101000000011010110011                           
              01111111100000011111110100010000000000010011101111111111111110000000100010111110100011010010              
              11111111110000001100011000000000000000111111100101001111111111110111100001111110011100000001              
              011111111110000001111101000000000000000111111111111010011100000000000000011100100000000000000             
            0100111111111100001011110001111111111111001111111111111011111100000000000000000000000000000000010           
         0111101110001111100000001110000001000000000000111111111110111111110000000000000000011110000000000100           
         10000111111111101000000000101110000000000000001111111110111111111010011111000100000111111100000000             
       010000010111111110110111011011111110000000000000110011100011111111111001111100100000000000000000110              
        01110001111111111100000101111111111000001111011000110111111111111111000000000000000000000000111111              
           0011111111110000000010011111111111100000000011111001111100000001110000000000000000000001111111010            
           11100000000000100000000011101000001000000100100001000010000000011110000000000000110100010001100110           
           10110100000001000100001000010000000000001000000000000111111111111111100000000011111111111010111111           
              0 0000000001100111110000101111100000001011010100011011111111111111000000011111111111110 0100000           
                  0111100111111100000101111110001000110    1001100111111111000000001100001100111111     000             
                   0         0001100011111111110111          00110110000111000 00001000 01100                           
                                 01011111011100110                                                                      
                                        0                                                                               
                                                                                                                        
                                                                                                                        
                                                                                                                        
                                                                                                                        
                                                                                                                        
                                                                                                                        
                                                                                                                        